Info: Params [ 0.19804018 -0.17522988  0.54567043  0.18061857  0.27943362  1.
  1.          0.70812637  1.48447996] gave 440.80520773550654
Info: Params [-0.04220689 -0.12787562  0.25790112  0.83503507  0.20242507  0.80904392
  1.          1.          1.64350529] gave 485.61524079827865
Info: Params [ 0.39227664  0.06219459  1.          1.          0.73961514 -1.
  1.          0.80996874  1.20783275] gave 446.408495210921
Info: Params [-0.03063463  0.01177869  0.83878649  1.          0.68141862  0.05515909
  1.          1.          1.41073489] gave 596.3916825491198
Info: Params [ 0.06968214 -0.09646524  0.14961006  1.          0.39378274  0.04367578
  0.62715402  1.          1.42051566] gave 698.0576175639883
Info: Params [ 0.17320475 -0.08206523  1.          1.          0.12047944  0.41139716
  1.          1.          1.58252964] gave 620.9417123907089
Info: Params [ 0.1003187   0.09395859  0.72149161  0.44088208 -0.21191515 -0.14821857
  1.          1.          1.49908616] gave 646.531961494275
Info: Params [ 2.84527069e-01 -4.98079732e-04  1.00000000e+00  1.00000000e+00
 -5.80198123e-01 -6.62125145e-01  1.00000000e+00  1.00000000e+00
  1.33931558e+00] gave 508.11823000842753
Info: Params [-5.06136915e-02  4.69684407e-05  3.23103420e-01  5.16190655e-02
 -1.05241697e-02  2.15017131e-01  1.00000000e+00  1.00000000e+00
  1.73326509e+00] gave 807.373094995277
Info: Params [-0.04762459 -0.03519746  0.16898767  0.1672497   0.33514804  0.78654078
  1.          1.          2.02342763] gave 698.5550693865823
Info: Params [-0.05202549 -0.06228259  0.77508615  1.          0.04998317  0.46149099
  1.          1.          1.63850508] gave 687.6464322725387
Info: Params [0.12971099 0.05188655 0.96142598 1.         0.16213348 0.81393108
 1.         1.         1.42012825] gave 572.4425451803094
Info: Params [ 0.01029227 -0.12258928  0.34798301  0.81576548 -0.09004463 -0.11033896
  0.93951537  1.          1.79803826] gave 797.2675399817009
Info: Params [ 0.01634943 -0.03804003  0.33760918 -0.32293035 -0.2600448   0.19436054
  0.41443799  0.66827367  1.29276008] gave 689.4931693218267
Info: Params [-0.04543088  0.03667315  0.73395786  1.          0.58652309  1.
  1.          1.          1.62810549] gave 620.6540333773949
Info: Params [ 0.02580499 -0.08871731  0.16432438  0.29139584  0.29332011  0.6350769
  1.          1.          1.83078854] gave 776.6310658197516
Info: Params [-0.01885745 -0.0348719   0.44377021  0.82888315 -0.6655796  -0.37625626
  0.271229    1.          1.28793129] gave 649.5026536544746
Info: Params [ 0.29164964 -0.08105865  1.          0.67705602  0.07773596 -0.1527205
  1.          1.          0.96643726] gave 364.60670976504605
Info: Params [-0.10366327 -0.05415617  0.15947164  0.27955845  0.13659261  0.16735902
  0.10174058 -0.51056542  0.89510271] gave 491.7732238288443
Info: Params [-0.07165235 -0.02280765  0.24182577  0.30639377  0.37735911  0.39284375
  1.          1.          1.83840869] gave 753.0197249323671
Info: Params [-0.04825709 -0.0568943   0.44130767  0.22068979 -0.1292285   0.24435243
  0.72387501  1.          1.89971966] gave 870.0830383278379
Info: Params [-0.0168679   0.08283821  0.89860101  1.          0.32038994  1.
  1.          1.          1.50975506] gave 584.9346228318423
